

0.1 83
0.2 45
0.3 125
0.4 158
0.5 20
0.6 180
0.70000005 200
0.8000001 49
0.9000001 193
1.0000001 198
1.1000001 31
1.2000002 160
1.3000002 151
1.4000002 28
1.5000002 91
1.6000003 74
1.7000003 109
1.8000003 7
1.9000003 8
2.0000002 188
2.1000001 64
2.2 71
2.3 239
2.3999999 102
2.4999998 94
2.5999997 247
2.6999996 94
2.7999995 71
2.8999994 209
2.9999993 43
3.0999992 8
3.199999 137
3.299999 35
3.399999 74
3.4999988 54
3.5999987 117
3.6999986 151
3.7999985 15
3.8999984 176
3.9999983 198
4.0999985 48
4.1999984 194
4.2999983 200
4.399998 35
4.499998 166
4.599998 158
4.699998 20
4.799998 100
4.8999977 83
4.9999976 100
5.0999975 16
5.1999974 0
5.2999973 180
5.399997 57
5.499997 65
5.599997 236
5.699997 100
5.799997 94
5.8999968 249
5.9999967 97
6.0999966 75
6.1999965 216
6.2999964 50
6.3999963 16
6.499996 146
6.599996 26
6.699996 64
6.799996 63
6.899996 108
6.9999957 143
7.0999956 8
7.1999955 171
7.2999954 194
7.3999953 46
7.499995 194
7.599995 202
7.699995 39
7.799995 171
7.899995 164
7.9999948 12
8.099995 108
8.199995 92
8.299995 91
8.399996 26
8.499996 9
8.599997 172
8.699997 50
8.799997 60
8.899998 231
8.999998 97
9.099998 93
9.199999 250
9.299999 100
9.4 80
9.5 221
9.6 57
9.700001 24
9.800001 155
9.900002 16
10.000002 55
10.100002 72
10.200003 100
10.300003 135
10.400003 2
10.500004 166
10.600004 191
10.700005 44
10.800005 194
10.900005 204
11.000006 42
11.100006 176
11.2000065 171
11.300007 4
11.400007 117
11.500008 101
11.600008 81
11.700008 35
11.800009 18
11.900009 164
12.00001 43
12.10001 53
12.20001 227
12.300011 94
12.400011 91
12.500011 250
12.600012 102
12.700012 84
12.800013 227
12.900013 64
13.000013 32
13.100014 164
13.200014 7
13.3000145 46
13.400015 81
13.500015 91
13.600016 127
13.700016 4
13.800016 160
13.900017 186
14.000017 42
14.100018 193
14.200018 205
14.300018 44
14.400019 180
14.500019 176
14.600019 2
14.70002 125
14.80002 110
14.900021 72
15.000021 45
15.100021 27
15.200022 155
15.300022 35
15.4000225 47
15.500023 221
15.600023 90
15.700024 89
15.800024 250
15.900024 103
16.000025 87
16.100025 231
16.200026 70
16.300026 40
16.400026 172
16.500027 1
16.600027 36
16.700027 91
16.800028 82
16.900028 119
17.000029 12
17.100029 154
17.20003 182
17.30003 39
17.40003 192
17.50003 205
17.60003 46
17.700031 184
17.800032 182
17.900032 8
18.000032 133
18.100033 119
18.200033 63
18.300034 54
18.400034 36
18.500034 146
18.600035 27
18.700035 40
18.800035 216
18.900036 86
19.000036 87
19.100037 249
19.200037 104
19.300037 89
19.400038 236
19.500038 76
19.600039 47
19.700039 180
19.80004 10
19.90004 27
20.00004 100
20.10004 73
20.20004 110
20.300041 20
20.400042 147
20.500042 176
20.600042 35
20.700043 190
20.800043 205
20.900043 48
21.000044 187
21.100044 186
21.200045 15
21.300045 140
21.400045 127
21.500046 54
21.600046 63