0.1 0.5569965
0.2 -0.3014907
0.3 0.835827
0.4 1.0541623
0.5 0.1394018
0.6 1.2048273
0.70000005 1.338198
0.8000001 0.32841146
0.9000001 1.2921159
1.0000001 1.3206707
1.1000001 0.20669103
1.2000002 1.0705146
1.3000002 1.0070366
1.4000002 -0.1878623
1.5000002 0.60901946
1.6000003 0.49494505
1.7000003 -0.7324068
1.8000003 0.051313892
1.9000003 -0.056169003
2.0000002 -1.2574012
2.1000001 -0.42896748
2.2 -0.4747119
2.3 -1.5993918
2.3999999 -0.68228865
2.4999998 -0.63038105
2.5999997 -1.6519024
2.6999996 -0.6297834
2.7999995 -0.47470647
2.8999994 -1.3985837
2.9999993 -0.28779587
3.0999992 -0.056155503
3.199999 -0.91830564
3.299999 0.23719308
3.399999 0.49495906
3.4999988 -0.3605987
3.5999987 0.78173375
3.6999986 1.0070529
3.7999985 0.10089773
3.8999984 1.1762843
3.9999983 1.3206931
4.0999985 0.32250065
4.1999984 1.2980072
4.2999983 1.3382198
4.399998 0.23521447
4.499998 1.1089962
4.599998 1.0541883
4.699998 -0.13378406
4.799998 0.668097
4.8999977 0.55702674
4.9999976 -0.6696094
5.0999975 0.11258894
5.1999974 0.0015233457
5.2999973 -1.205436
5.399997 -0.38458028
5.499997 -0.43936282
5.599997 -1.574438
5.699997 -0.6686213
5.799997 -0.62837195
5.8999968 -1.6617279
5.9999967 -0.6511005
6.0999966 -0.5066521
6.1999965 -1.4401289
6.2999964 -0.3374785
6.3999963 -0.112094134
6.499996 -0.9786353
6.599996 0.17461184
6.699996 0.43244722
6.799996 -0.42092776
6.899996 0.72571665
6.9999957 0.9574497
7.0999956 0.05935204
7.1999955 1.1442696
7.2999954 1.2994423
7.3999953 0.31267452
7.499995 1.2999377
7.599995 1.3519645
7.699995 0.26016885
7.799995 1.1442716
7.899995 1.0986487
7.9999948 -0.081819
8.099995 0.7257191
8.199995 0.61837053
8.299995 -0.6068141
8.399996 0.1746159
8.499996 0.060650617
8.599997 -1.1513617
8.699997 -0.33745816
8.799997 -0.40086704
8.899998 -1.5459185
8.999998 -0.6510829
9.099998 -0.62248015
9.199999 -1.6676412
9.299999 -0.6685906
9.4 -0.53520197
9.5 -1.4786311
9.6 -0.38454255
9.700001 -0.16621771
9.800001 -1.0377375
9.900002 0.11263648
10.000002 0.36960176
10.100002 -0.48223
10.200003 0.668164
10.300003 0.9054109
10.400003 0.014935136
10.500004 1.1090662
10.600004 1.2743988
10.700005 0.29896653
10.800005 1.2980919
10.900005 1.3616707
11.000006 0.28143287
11.100006 1.1763749
11.2000065 1.140043
11.300007 -0.032207668
11.400007 0.7818251
11.500008 0.67853034
11.600008 -0.5443051