0 0
1 0
2 0
3 0
4 0
5 0
6 0
7 2
8 11
9 3
10 0
11 0
12 0
13 0
14 0
15 1
16 1
17 1
18 1
19 3
20 2
21 1
22 2
23 1
24 1
25 1
26 1
27 1
28 2
29 0
30 2
31 1
32 2
33 0
34 0
35 1
36 1
37 1
38 1
39 1
40 0
41 3
42 0
43 1
44 1
45 0
46 1
47 1
48 1
49 0
50 0
51 3
52 1
53 1
54 0
55 1
56 1
57 0
58 0
59 0
60 1
61 1
62 0
63 1
64 1
65 0
66 0
67 1
68 1
69 3
70 2
71 0
72 1
73 1
74 0
75 1
76 0
77 1
78 0
79 0
80 0
81 0
82 0
83 0
84 1
85 0
86 0
87 1
88 0
89 0
90 0
91 2
92 0
93 0
94 0
95 0
96 0
97 1
98 0
99 1
100 1
101 0
102 3
103 1
104 0
105 2
106 1
107 0
108 1
109 0
110 0
111 2
112 1
113 0
114 2
115 0
116 0
117 0
118 1
119 1
120 0
121 0
122 0
123 0
124 0
125 0
126 0
127 0
128 0
129 1
130 1
131 0
132 0
133 1
134 2
135 0
136 0
137 1
138 0
139 1
140 0
141 0
142 3
143 0
144 0
145 0
146 2
147 0
148 0
149 0
150 1
151 0
152 1
153 1
154 1
155 0
156 0
157 0
158 0
159 0
160 0
161 0
162 0
163 0
164 1
165 0
166 0
167 2
168 0
169 1
170 1
171 1
172 1
173 0
174 0
175 0
176 0
177 1
178 1
179 2
180 0
181 2
182 0
183 2
184 0
185 2
186 0
187 0
188 1
189 1
190 0
191 0
192 0
193 0
194 1
195 1
196 2
197 0
198 0
199 0
200 0
201 1
202 1
203 0
204 2
205 0
206 0
207 1
208 0
209 0
210 0
211 3
212 0
213 0
214 0
215 0
216 1
217 0
218 1
219 0
220 0
221 1
222 0
223 1
224 0
225 1
226 0
227 0
228 0
229 0
230 1
231 0
232 0
233 1
234 0
235 0
236 1
237 0
238 1
239 0
240 1
241 1
242 1
243 1
244 1
245 1
246 2
247 3
248 3
249 4
250 6
251 11
252 12
253 0
254 0
255 0