0 0
1 0
2 0
3 0
4 0
5 0
6 0
7 0
8 4
9 10
10 9
11 6
12 4
13 4
14 3
15 3
16 2
17 1
18 2
19 1
20 2
21 2
22 2
23 1
24 4
25 1
26 0
27 4
28 0
29 1
30 1
31 2
32 1
33 1
34 1
35 0
36 2
37 3
38 1
39 0
40 1
41 2
42 0
43 0
44 3
45 2
46 1
47 1
48 0
49 0
50 1
51 1
52 1
53 0
54 0
55 0
56 2
57 1
58 1
59 1
60 1
61 1
62 0
63 0
64 0
65 1
66 0
67 1
68 0
69 1
70 1
71 2
72 0
73 0
74 0
75 0
76 0
77 1
78 2
79 1
80 0
81 1
82 1
83 0
84 1
85 1
86 0
87 2
88 1
89 0
90 0
91 0
92 0
93 0
94 0
95 1
96 0
97 0
98 1
99 0
100 0
101 0
102 1
103 0
104 1
105 0
106 2
107 1
108 0
109 0
110 0
111 0
112 0
113 0
114 0
115 0
116 0
117 0
118 0
119 1
120 0
121 2
122 1
123 0
124 0
125 0
126 0
127 0
128 1
129 0
130 0
131 2
132 0
133 0
134 0
135 2
136 1
137 0
138 0
139 0
140 2
141 1
142 1
143 1
144 0
145 0
146 0
147 0
148 0
149 0
150 0
151 1
152 0
153 2
154 0
155 0
156 1
157 0
158 1
159 1
160 1
161 0
162 0
163 0
164 0
165 0
166 0
167 1
168 0
169 0
170 0
171 0
172 0
173 0
174 0
175 0
176 0
177 0
178 1
179 0
180 1
181 0
182 2
183 0
184 0
185 0
186 0
187 1
188 1
189 0
190 1
191 2
192 0
193 0
194 0
195 0
196 0
197 0
198 0
199 0
200 0
201 0
202 1
203 1
204 0
205 0
206 0
207 2
208 1
209 0
210 0
211 0
212 0
213 0
214 0
215 2
216 0
217 0
218 3
219 0
220 0
221 0
222 0
223 2
224 0
225 3
226 0
227 0
228 1
229 1
230 2
231 0
232 1
233 1
234 0
235 1
236 0
237 0
238 1
239 1
240 0
241 1
242 1
243 1
244 1
245 2
246 1
247 3
248 3
249 4
250 5
251 0
252 0
253 0
254 0
255 0