0 0
1 0
2 0
3 0
4 0
5 0
6 0
7 0
8 0
9 0
10 0
11 0
12 0
13 0
14 0
15 0
16 0
17 0
18 0
19 1
20 0
21 1
22 0
23 1
24 0
25 0
26 1
27 0
28 0
29 0
30 1
31 0
32 1
33 0
34 0
35 1
36 0
37 1
38 0
39 2
40 0
41 0
42 1
43 0
44 0
45 1
46 0
47 1
48 1
49 1
50 0
51 0
52 0
53 0
54 1
55 0
56 0
57 0
58 2
59 0
60 0
61 1
62 0
63 1
64 0
65 1
66 0
67 0
68 0
69 0
70 0
71 1
72 1
73 1
74 1
75 0
76 2
77 0
78 0
79 1
80 1
81 1
82 0
83 0
84 0
85 0
86 0
87 1
88 0
89 0
90 1
91 0
92 2
93 1
94 0
95 1
96 0
97 0
98 0
99 0
100 0
101 0
102 0
103 1
104 0
105 0
106 2
107 0
108 1
109 0
110 1
111 1
112 1
113 0
114 0
115 0
116 0
117 2
118 0
119 1
120 0
121 1
122 0
123 0
124 2
125 0
126 1
127 0
128 1
129 1
130 0
131 1
132 0
133 0
134 0
135 1
136 0
137 0
138 0
139 1
140 0
141 2
142 0
143 0
144 1
145 0
146 0
147 0
148 1
149 0
150 0
151 0
152 0
153 1
154 2
155 2
156 1
157 0
158 0
159 0
160 0
161 1
162 1
163 1
164 0
165 0
166 1
167 1
168 0
169 1
170 0
171 0
172 0
173 1
174 1
175 1
176 0
177 1
178 1
179 0
180 1
181 0
182 2
183 0
184 1
185 0
186 0
187 0
188 1
189 2
190 0
191 0
192 1
193 1
194 1
195 1
196 1
197 0
198 1
199 2
200 1
201 1
202 0
203 2
204 1
205 0
206 0
207 1
208 0
209 2
210 0
211 2
212 0
213 1
214 2
215 1
216 0
217 0
218 1
219 2
220 2
221 1
222 2
223 1
224 0
225 1
226 1
227 2
228 2
229 0
230 1
231 2
232 3
233 1
234 1
235 3
236 1
237 4
238 1
239 3
240 2
241 2
242 3
243 3
244 2
245 3
246 4
247 5
248 6
249 9
250 6
251 11
252 4
253 0
254 0