0 0
1 0
2 0
3 0
4 0
5 0
6 0
7 0
8 0
9 0
10 0
11 0
12 0
13 0
14 0
15 0
16 0
17 0
18 0
19 3
20 5
21 3
22 3
23 4
24 4
25 4
26 4
27 2
28 2
29 3
30 2
31 1
32 2
33 2
34 2
35 0
36 2
37 0
38 3
39 0
40 2
41 1
42 0
43 2
44 1
45 0
46 1
47 2
48 1
49 0
50 0
51 3
52 1
53 1
54 0
55 0
56 1
57 1
58 2
59 1
60 1
61 0
62 0
63 0
64 0
65 1
66 0
67 1
68 3
69 1
70 0
71 1
72 0
73 1
74 0
75 0
76 0
77 0
78 0
79 1
80 0
81 0
82 1
83 0
84 3
85 0
86 1
87 0
88 0
89 0
90 1
91 0
92 0
93 1
94 0
95 0
96 0
97 0
98 0
99 0
100 0
101 0
102 0
103 0
104 0
105 1
106 0
107 0
108 0
109 0
110 0
111 0
112 2
113 0
114 2
115 0
116 2
117 1
118 0
119 0
120 1
121 0
122 1
123 0
124 0
125 0
126 0
127 0
128 0
129 1
130 0
131 0
132 0
133 1
134 1
135 0
136 0
137 0
138 1
139 0
140 0
141 1
142 1
143 0
144 1
145 0
146 0
147 0
148 0
149 1
150 0
151 0
152 0
153 0
154 0
155 0
156 0
157 0
158 0
159 0
160 0
161 0
162 1
163 2
164 0
165 0
166 1
167 0
168 0
169 0
170 0
171 2
172 0
173 0
174 1
175 2
176 0
177 0
178 1
179 0
180 0
181 0
182 0
183 0
184 1
185 2
186 1
187 0
188 0
189 1
190 0
191 3
192 0
193 1
194 0
195 0
196 0
197 3
198 1
199 0
200 1
201 1
202 1
203 0
204 0
205 2
206 0
207 2
208 1
209 0
210 0
211 0
212 2
213 0
214 0
215 1
216 1
217 0
218 1
219 1
220 0
221 1
222 0
223 1
224 0
225 1
226 1
227 0
228 0
229 0
230 0
231 0
232 0
233 0
234 0
235 0
236 0
237 0
238 0
239 0
240 0
241 0
242 0
243 0
244 0
245 0
246 0
247 0
248 0
249 0
250 0
251 0
252 0
253 53
254 0
255 0